1.609438
1.6168941
1.6092976
1.6093943
1.6093562
1.6090733
1.6107296
1.60967
1.6106411
1.6101115
1.6103729
1.609685
1.6099179
1.6092285
1.6094929
1.6093991
1.6090847
1.6095787
1.609772
1.6093329
1.6096293
1.6093124
1.6097959
1.6094677
1.6093069
1.6096233
1.6095656
1.6095486
1.6094404
1.6093266
1.6094674
1.6093568
1.6093693
1.6095482
1.6093857
1.6095723
1.609429
1.6093895
1.6094731
1.6094773
1.6094325
1.6094338
1.6093136
1.6095053
1.6094124
1.609463
1.6093663
1.6094121
1.6093663
1.6096104
1.6093947
1.6095368
1.6097256
1.6095718
1.6094773
1.6094246
1.6094363
1.6094363
1.6094363
1.6094363
1.6094363
1.6094363
1.6094363
1.6094363
1.6094363
1.6094363
1.6094363
1.6094363
1.6094363
1.6094363
1.6094363
1.6094363
1.6094363
1.6094363
1.6094363
1.6094363
1.6094363
1.6094363
1.6094363
1.6094363
1.6094363
1.6094363
1.6094363
1.6094363
1.6094363
1.6094363
1.6094363
1.6094363
1.6094363
1.6094363
1.6094363
1.6094363
1.6094363
1.6094363
1.6094363
1.6094363
1.6094363
1.6094363
1.6094363
1.6094363
1.6094363
1.6094363
1.6094363
1.6094363
1.6094363
1.6094363
1.6094363
1.6094363
1.6094363
1.6094363
1.6094363
1.6094363
1.6094363
1.6094363
1.6094363
1.6094363
1.6094363
1.6094363
1.6094363
1.6094363
1.6094363
1.6094363
1.6094363
1.6094363
1.6094363
1.6094363
1.6094363
1.6094363
1.6094363
1.6094363
1.6094363
1.6094363
1.6094363
1.6094363
1.6094363
1.6094363
1.6094363
1.6094363
1.6094363
1.6094363
